   624.06971783146321        224.68206998171769        413.20058914709352        514.72752128162711        4548.0638595055452     
   1000.0000000000000        500.00000000000000        500.00000000000000        500.00000000000000        629.76505317492411     
   341.80618054056663        129.32022737344957        211.23421378166819        243.74936581326367        577.67815972855078        363.80156622926393        25.821662334316784     
   1000.0000000000000        500.00000000000000        500.00000000000000        500.00000000000000        760.00000000000000        700.00000000000000        30.441478532738984     
   533.57421475049773        195.68629962443185        343.65543759482455        414.04208300398113        1413.5279619319356        633.83199350640575        486.17239018649303     
   1000.0000000000000        500.00000000000000        500.00000000000000        500.00000000000000        760.00000000000000        700.00000000000000        174.01499221799895     
   616.91029266502255        222.44720536750904        407.47976852363655        506.04547327772934        3989.1076509737354        112.67055033938531     
   1000.0000000000000        500.00000000000000        500.00000000000000        500.00000000000000        760.00000000000000        99.789157786872238     
   624.94131983688453        224.95344021106786        413.89988300801542        515.79430225773490        5690.4216119313933     
   1000.0000000000000        500.00000000000000        500.00000000000000        500.00000000000000        744.75034173810855     
   608.21035998161778        219.71757806046807        400.58276481114547        495.68296326465935        2447.1863896880654     
   1000.0000000000000        500.00000000000000        500.00000000000000        500.00000000000000        588.97996584419161     
   419.47108506193473        156.93861550668572        262.92906816474607        307.67478972380178        792.42959172354938     
   1000.0000000000000        500.00000000000000        500.00000000000000        500.00000000000000        755.60275481548160     
   82.343112560119621        31.831549140248939        49.614048761596138        55.939509010735030        118.09196825874838        62.198250007202439     
   1000.0000000000000        500.00000000000000        500.00000000000000        500.00000000000000        760.00000000000000        527.91517037898302     
   596.30614161160747        215.95804875647065        391.23998374293603        481.82135458166499        1931.0745378796337     
   1000.0000000000000        500.00000000000000        500.00000000000000        500.00000000000000        576.30940498784184     
   549.22750918395150        200.81601368368376        355.28564247414806        430.20483541925199        1160.0030191756691     
   1000.0000000000000        500.00000000000000        500.00000000000000        500.00000000000000        559.57355059217662     
   620.78538521927010        223.65812607932142        410.57108298924555        510.72699113958652        4629.0299426614147        275.63001682503432     
   1000.0000000000000        500.00000000000000        500.00000000000000        500.00000000000000        760.00000000000000        241.60177672514692     
   568.30652928514564        207.00465841212278        369.67332345936251        450.54759393911399        1842.2928626084672        694.82538658143608        167.37847958163420     
   1000.0000000000000        500.00000000000000        500.00000000000000        500.00000000000000        760.00000000000000        700.00000000000000        25.962643183302134     
   573.00240248298360        208.51700671983889        373.25183294869134        455.67002314359235        1925.7950928347320        223.79750431574976     
   1000.0000000000000        500.00000000000000        500.00000000000000        500.00000000000000        760.00000000000000        222.68572367960587     
   611.76329284979897        220.83415608278759        403.39224367697375        499.89054236787058        3433.9906315446528        253.84747310142978     
   1000.0000000000000        500.00000000000000        500.00000000000000        500.00000000000000        760.00000000000000        227.93401127913967     
   594.07239284568891        215.24945129590813        389.49873557539621        479.25958161292527        2464.2192189613747        100.57850048105686     
   1000.0000000000000        500.00000000000000        500.00000000000000        500.00000000000000        760.00000000000000        94.656134266406298     
   611.85978524483141        220.86444537167407        403.46868212726446        500.00527822370094        3442.4606062740108        328.88376510235406     
   1000.0000000000000        500.00000000000000        500.00000000000000        500.00000000000000        760.00000000000000        295.23446387378499     
   567.92248560756832        206.88078321397222        369.38132649638067        450.13074676418603        1835.8495933483102        313.59225573116197     
   1000.0000000000000        500.00000000000000        500.00000000000000        500.00000000000000        760.00000000000000        316.24822392826900     
   550.56388656746572        201.25178354847338        356.28568568951385        431.60609288457732        1591.2679580396768        390.05197376471193     
   1000.0000000000000        500.00000000000000        500.00000000000000        500.00000000000000        760.00000000000000        411.81367930024862     
   617.83924790010099        222.73776861207818        408.21973877261587        507.16398387323295        4119.1415907415721        628.80183234390358     
   1000.0000000000000        500.00000000000000        500.00000000000000        500.00000000000000        760.00000000000000        555.53180437767878     
   520.51759105508631        191.37199350843406        334.06851442422891        400.89700761501211        1165.4244751189510     
   1000.0000000000000        500.00000000000000        500.00000000000000        500.00000000000000        679.60377816343680     
   599.24449736740291        216.88865275171182        393.53613935922039        485.20980577188755        2666.9651715963582        44.298332113355521     
   1000.0000000000000        500.00000000000000        500.00000000000000        500.00000000000000        760.00000000000000        41.122242643032223     
   504.28442139704822        185.96361357840158        322.28691011908887        384.95127025473158        1188.3344750386127        582.80515309995815     
   1000.0000000000000        500.00000000000000        500.00000000000000        500.00000000000000        760.00000000000000        696.01179959485307     
   547.02008225627537        200.09545817668203        353.63626481891981        427.89776908697769        1351.3768234331121     
   1000.0000000000000        500.00000000000000        500.00000000000000        500.00000000000000        662.53099556779489     
   600.36675736415259        217.24362892643842        394.41482769573804        486.50961176622263        2717.1390656871667        655.08081538427416     
   1000.0000000000000        500.00000000000000        500.00000000000000        500.00000000000000        760.00000000000000        606.30503612104803     
   549.60942398033455        200.94058461506791        355.57132198138021        430.60493954112189        1579.9624826261679        38.259829701168059     
   1000.0000000000000        500.00000000000000        500.00000000000000        500.00000000000000        760.00000000000000        40.496499717701226     
   585.38972466076359        212.48570757875441        382.76516875813184        469.41513020517084        2200.2727497546321        101.90645142646061     
   1000.0000000000000        500.00000000000000        500.00000000000000        500.00000000000000        760.00000000000000        98.135131921153516     
   604.93718614680893        218.68668192632731        398.00314264739114        491.83578609339725        2951.4909405968610        405.17557082297088     
   1000.0000000000000        500.00000000000000        500.00000000000000        500.00000000000000        760.00000000000000        370.48314455663785     
   618.13795697572698        222.83116340139193        408.45782517946157        507.52414722162467        4163.6000721096498        7.7879309392757552     
   1000.0000000000000        500.00000000000000        500.00000000000000        500.00000000000000        760.00000000000000        6.8749658041633666     
   472.28152647561893        175.16000877672840        299.47856600588466        354.68853617065702        1009.8162134577553        226.70177906844796     
   1000.0000000000000        500.00000000000000        500.00000000000000        500.00000000000000        760.00000000000000        295.34372380934656     
   611.04683652008839        220.60919957438716        402.82491552291145        499.03940001801999        3372.8787861383125        622.80094325750292     
   1000.0000000000000        500.00000000000000        500.00000000000000        500.00000000000000        760.00000000000000        560.29219025280327     
   591.63758593432567        214.47594490333586        387.60495249937190        476.48095468974049        2382.0434004727786        70.751037397087657     
   1000.0000000000000        500.00000000000000        500.00000000000000        500.00000000000000        760.00000000000000        67.015715837478638     
   264.90150186189686        101.13082759001239        161.93242617572528        184.95374291913981        414.82096080981501        274.52515063924801        69.915491602354720     
   1000.0000000000000        500.00000000000000        500.00000000000000        500.00000000000000        760.00000000000000        700.00000000000000        117.25463013630360     
   489.12003060138068        180.86748056775497        311.41242414623008        370.42662611334345        1097.2395294122746        562.61300936672160        193.63904893564160     
   1000.0000000000000        500.00000000000000        500.00000000000000        500.00000000000000        760.00000000000000        700.00000000000000        105.16984491609037     
   544.34654981763981        199.22150399062124        351.64274613429444        425.11599197613054        1520.7322027941696        652.19271448714505        85.501727898972192     
   1000.0000000000000        500.00000000000000        500.00000000000000        500.00000000000000        760.00000000000000        700.00000000000000        26.172742687631398     
   603.83429855145243        218.33884145864607        397.13579520526412        490.54568677296038        2889.9446447336682        565.12562997635007     
   1000.0000000000000        500.00000000000000        500.00000000000000        500.00000000000000        760.00000000000000        518.25429944787174     
   511.26240102448662        188.29444868755164        327.33308510861127        391.75359083145395        1235.2091881128033        597.22725979369261        379.11991270919077     
   1000.0000000000000        500.00000000000000        500.00000000000000        500.00000000000000        760.00000000000000        700.00000000000000        172.25067636230960     
   574.83740960680746        209.10681528732925        374.65432403335700        457.68465206121510        1961.0280673906670        593.80445991208410     
   1000.0000000000000        500.00000000000000        500.00000000000000        500.00000000000000        760.00000000000000        587.99813802819699     
   493.69927816659771        182.41079868128543        314.68323956679001        374.77644373631193        1123.3563675754074        569.64168705181476        114.76334102882697     
   1000.0000000000000        500.00000000000000        500.00000000000000        500.00000000000000        760.00000000000000        700.00000000000000        60.257574832066894     
   615.52628408832481        222.01398611501580        406.37859248288220        504.38341651190842        3815.4473176549172        261.36549714874457     
   1000.0000000000000        500.00000000000000        500.00000000000000        500.00000000000000        760.00000000000000        232.34112919075415     
   617.91712103082659        222.76211826377511        408.28180077737937        507.25785448042927        4130.6006441507052        271.48347922544855     
   1000.0000000000000        500.00000000000000        500.00000000000000        500.00000000000000        760.00000000000000        239.79943828657269     
   595.90395316774709        215.83053835910749        390.92619744121959        481.35920876014796        2531.2093065108970        498.37023782042576     
   1000.0000000000000        500.00000000000000        500.00000000000000        500.00000000000000        760.00000000000000        466.75410446245223     
   356.70064449205290        134.68757916021960        220.98269453300850        255.60513946435688        614.24385478589750        218.31018967020015     
   1000.0000000000000        500.00000000000000        500.00000000000000        500.00000000000000        760.00000000000000        400.04913630895317     
   560.00519063292552        204.32062463128443        363.38372465542085        441.60581338833833        1714.0511841615512        679.75928944863688        986.52795848133007     
   1000.0000000000000        500.00000000000000        500.00000000000000        500.00000000000000        760.00000000000000        700.00000000000000        214.28127458551899     
   471.96863160198308        175.05347268994120        299.25816648246843        354.39978550288191        1008.3053714340440        13.265539695759914     
   1000.0000000000000        500.00000000000000        500.00000000000000        500.00000000000000        760.00000000000000        17.297034626826644     
   576.49520764499721        209.63909784307344        375.92338127041842        459.51106258894231        1994.2669579191736        710.01438093672618        1289.8039025789042     
   1000.0000000000000        500.00000000000000        500.00000000000000        500.00000000000000        760.00000000000000        700.00000000000000        60.859885425306857     
   613.53765766210984        221.39083630911469        404.79900995328092        502.00434208718718        3122.7535101084886     
   1000.0000000000000        500.00000000000000        500.00000000000000        500.00000000000000        659.28210676647723     
   281.87423243775015        107.41642068912397        172.67853580839144        197.61970137945443        447.74491675090792        95.777134428990237     
   1000.0000000000000        500.00000000000000        500.00000000000000        500.00000000000000        760.00000000000000        228.32365379203111     
   627.62140899911060        225.78691413293552        416.05403612239729        519.08815239622106        5774.6836811698431     
   1000.0000000000000        500.00000000000000        500.00000000000000        500.00000000000000        602.76673939079046     
   550.26349552780482        201.15386106852390        356.06079636088464        431.29081697234670        1515.6537082233360     
   1000.0000000000000        500.00000000000000        500.00000000000000        500.00000000000000        725.51741482457146     
   603.27904186808598        218.16362669524744        396.69947386648096        489.89734896824757        2860.2610131949441        741.41502637359440     
   1000.0000000000000        500.00000000000000        500.00000000000000        500.00000000000000        760.00000000000000        680.92591484077275     
   618.03176706904208        222.79796397830870        408.37317823546516        507.39608251793732        4147.6382247695328        276.06821429526730     
   1000.0000000000000        500.00000000000000        500.00000000000000        500.00000000000000        760.00000000000000        243.77440513111651     
   243.24493332915230        93.062800337106182        148.31713534548570        169.00971527928280        374.70666378919088        73.640595950328233     
   1000.0000000000000        500.00000000000000        500.00000000000000        500.00000000000000        760.00000000000000        205.74005440343171     
   531.17252344198027        194.89512067546599        341.88434787769586        411.60181131060261        1391.8047563045959        246.75056340754560     
   1000.0000000000000        500.00000000000000        500.00000000000000        500.00000000000000        760.00000000000000        274.25355122890323     
   358.31036540545711        135.26572801514166        222.04062549008012        256.89690258601905        618.32214434839386        87.939298771534823     
   1000.0000000000000        500.00000000000000        500.00000000000000        500.00000000000000        760.00000000000000        160.31325299758464     
   621.47434435417870        223.87310072220990        411.12195493564519        511.56367986837841        4776.8668078889950        485.73658576774562     
   1000.0000000000000        500.00000000000000        500.00000000000000        500.00000000000000        760.00000000000000        424.98495530802757     
   572.53212135911815        208.36574267789649        372.89277241587882        455.15488659333630        1917.0146689254902        702.62168847232647        1838.1415761317219     
   1000.0000000000000        500.00000000000000        500.00000000000000        500.00000000000000        760.00000000000000        700.00000000000000        206.95527700940147     
   585.09951623577501        212.39307499498943        382.54104950907686        469.08914247996091        2192.6849392371209        447.89895394147044     
   1000.0000000000000        500.00000000000000        500.00000000000000        500.00000000000000        760.00000000000000        431.65436696493998     
   618.40316945319387        222.91407003583339        408.66927279547161        507.84412791732603        4204.2471419222102        510.42175573165940     
   1000.0000000000000        500.00000000000000        500.00000000000000        500.00000000000000        760.00000000000000        450.26665142271668     
   504.31591759249892        185.97415435246540        322.30962604193275        384.98180149797980        1188.5383476156599        441.78148899153422     
   1000.0000000000000        500.00000000000000        500.00000000000000        500.00000000000000        760.00000000000000        527.55038706585765     
   501.86411839336574        185.15306947974472        320.54295254378474        382.60971798482007        1172.8645161386403        582.33901094728287        76.221534488653617     
   1000.0000000000000        500.00000000000000        500.00000000000000        500.00000000000000        760.00000000000000        700.00000000000000        37.541331907268614     
   606.02526538694372        219.02961368130488        398.85975577573873        493.11161267902037        3015.8716234012991        715.46382593509520     
   1000.0000000000000        500.00000000000000        500.00000000000000        500.00000000000000        760.00000000000000        652.31411012122408     
   471.89688820025503        175.02904267346261        299.20763810681649        354.33359661807265        1007.9594841967991        222.25978570252886     
   1000.0000000000000        500.00000000000000        500.00000000000000        500.00000000000000        760.00000000000000        289.86339255701751     
   542.48407336688570        198.61186851613721        350.25664580394618        423.18607062049222        1500.9373808778309        648.98427134180895        691.08625489332474     
   1000.0000000000000        500.00000000000000        500.00000000000000        500.00000000000000        760.00000000000000        700.00000000000000        217.99928449094296     
   393.69719576742136        147.87679691349737        245.52631904449339        285.85055064641745        715.34496890406513        262.91086779518969     
   1000.0000000000000        500.00000000000000        500.00000000000000        500.00000000000000        760.00000000000000        429.23909527948126     
   573.23731209681557        208.59254824610204        373.43124394703057        455.92751804645530        1930.2182168705956        129.10152070654792     
   1000.0000000000000        500.00000000000000        500.00000000000000        500.00000000000000        760.00000000000000        128.38050466729328     
   407.79704717460623        152.84742122411930        255.01383524147587        297.70713816695451        732.24939022076501     
   1000.0000000000000        500.00000000000000        500.00000000000000        500.00000000000000        733.52901923935860     
   618.28397691907674        222.87681165707571        408.57423646387645        507.70029738730608        3929.8903297712313     
   1000.0000000000000        500.00000000000000        500.00000000000000        500.00000000000000        713.52875641314313     
   619.01328154196347        223.10474007067091        409.15591417824697        508.58096701748849        4302.2501503281537        743.52707189655712     
   1000.0000000000000        500.00000000000000        500.00000000000000        500.00000000000000        760.00000000000000        654.83072796836495     
   507.43749133401184        187.01793876767510        324.56371350584368        388.01543479076099        1209.0818967066455        167.19986356107475     
   1000.0000000000000        500.00000000000000        500.00000000000000        500.00000000000000        760.00000000000000        197.99286765977740     
   603.96588080543165        218.38035404519437        397.23922710547873        490.69944182000182        2897.1031468265546        729.24049274898550     
   1000.0000000000000        500.00000000000000        500.00000000000000        500.00000000000000        760.00000000000000        668.52379226824269     
   614.14225793315302        221.58037607591825        405.27891896464365        502.72652411725852        3661.6819003654482        169.07584042218903     
   1000.0000000000000        500.00000000000000        500.00000000000000        500.00000000000000        760.00000000000000        150.85624099941924     
   408.85203649086731        153.21805562975774        255.72686639064673        298.60217455264910        762.04337670409996        392.21845499306448     
   1000.0000000000000        500.00000000000000        500.00000000000000        500.00000000000000        760.00000000000000        611.98722697794437     
   588.62295946782024        213.51660904560580        385.26619842306741        473.06021186061656        2289.6524140230999        512.67475392308518     
   1000.0000000000000        500.00000000000000        500.00000000000000        500.00000000000000        760.00000000000000        489.49782389448956     
   611.20281884441272        220.65818444895382        402.94839647327620        499.22458962708140        3385.9237199813656        257.14416701503580     
   1000.0000000000000        500.00000000000000        500.00000000000000        500.00000000000000        760.00000000000000        231.23923149891198     
   621.10457812607797        223.75773515688232        410.82625288652190        511.11446210176928        4695.8535301047923        174.87541651112130     
   1000.0000000000000        500.00000000000000        500.00000000000000        500.00000000000000        760.00000000000000        153.15506646642461     
   558.55779097340155        203.85127374291534        362.29178223814966        440.06125410185251        1693.8087208396826        677.16537648713040        822.48898674934151     
   1000.0000000000000        500.00000000000000        500.00000000000000        500.00000000000000        760.00000000000000        700.00000000000000        186.31860656663775     
   253.88777292941120        97.034225367822430        154.99524688568908        176.81615902426677        394.17362288850626        260.67999871780813     
   1000.0000000000000        500.00000000000000        500.00000000000000        500.00000000000000        760.00000000000000        695.73461026651785     
   609.46679725642525        220.11272707532729        401.57517062114823        497.16711786970438        3248.2088734922431        660.86782680643159     
   1000.0000000000000        500.00000000000000        500.00000000000000        500.00000000000000        760.00000000000000        597.04535491531715     
   606.28072641435540        219.11009343621666        399.06100438695404        493.41159424923842        2916.7453487508210     
   1000.0000000000000        500.00000000000000        500.00000000000000        500.00000000000000        731.21767862467095     
   522.40679781759877        191.99822885821015        335.44944736457956        402.78087333574263        1318.1296773632698        615.28056179050930        68.465523755281538     
   1000.0000000000000        500.00000000000000        500.00000000000000        500.00000000000000        760.00000000000000        700.00000000000000        27.899741227738559     
   616.33062508139938        222.26580603336970        407.01837535255947        505.34871653845084        3913.6788402981088        465.67772261041335     
   1000.0000000000000        500.00000000000000        500.00000000000000        500.00000000000000        760.00000000000000        413.07671530870721     
   374.25967127213437        140.97329821490652        232.57057092567501        269.81145064729975        660.20578012073247        403.89440465371069        97.778849587596739     
   1000.0000000000000        500.00000000000000        500.00000000000000        500.00000000000000        760.00000000000000        700.00000000000000        99.466518531553447     
   499.39699358497938        184.32573811734713        318.76855496265603        380.23214280481824        1054.5552425683129     
   1000.0000000000000        500.00000000000000        500.00000000000000        500.00000000000000        692.41833939449862     
   565.81949359640248        206.20194296813156        367.78414408319782        447.85363945280346        1801.5081328183917        68.222976880584014     
   1000.0000000000000        500.00000000000000        500.00000000000000        500.00000000000000        760.00000000000000        69.183904326055199     
   619.67232697257202        223.31061829654053        409.68192101016587        509.37805723571103        4415.8534966558827        700.87001896633137     
   1000.0000000000000        500.00000000000000        500.00000000000000        500.00000000000000        760.00000000000000        616.17539393249899     
   462.60808114532171        171.85834544770216        292.68693709604338        345.82143301081760        964.77472277606387        68.348168605771036     
   1000.0000000000000        500.00000000000000        500.00000000000000        500.00000000000000        760.00000000000000        91.454961858689785     
   625.86944321996452        225.24223933426120        414.64520651625264        516.93264129639988        5016.3407637291466     
   1000.0000000000000        500.00000000000000        500.00000000000000        500.00000000000000        613.57912814710289     
   420.02734328144413        157.13300097384800        263.30762038363537        308.15328746407204        798.93145892284690        463.57605656297852        121.85004433476615     
   1000.0000000000000        500.00000000000000        500.00000000000000        500.00000000000000        760.00000000000000        700.00000000000000        99.518672700505704     
   441.94292157585477        164.75042074146955        278.32709649603970        327.27540837391291        878.56651243598412        159.16331561000052     
   1000.0000000000000        500.00000000000000        500.00000000000000        500.00000000000000        760.00000000000000        225.67700007697567     
   616.32771730249806        222.26489591180933        407.01606154480862        505.34522371200273        3434.6949788653214     
   1000.0000000000000        500.00000000000000        500.00000000000000        500.00000000000000        667.04854511190206     
   528.52965100664142        194.02323013844796        339.93941252782656        408.92825581435244        1368.7013696119959        504.30793823789730     
   1000.0000000000000        500.00000000000000        500.00000000000000        500.00000000000000        760.00000000000000        564.47004407877102     
   619.16764780229107        223.15297016909835        409.27908797947902        508.76755948797535        4143.3433928258746     
   1000.0000000000000        500.00000000000000        500.00000000000000        500.00000000000000        727.55674985237420     
   282.79464661736228        107.75629975064076        173.26329427578173        198.31112489813455        437.09728876598967     
   1000.0000000000000        500.00000000000000        500.00000000000000        500.00000000000000        738.91209857538342     
   612.49436658738000        221.06359603407310        403.97156044201677        500.76045380592097        3499.6644070640327        235.90077990497147     
   1000.0000000000000        500.00000000000000        500.00000000000000        500.00000000000000        760.00000000000000        211.40705309575424     
   609.35702131018263        220.07821519719872        401.48841454458409        497.03728154202270        3240.0185430975839        499.77993094416911     
   1000.0000000000000        500.00000000000000        500.00000000000000        500.00000000000000        760.00000000000000        451.64628841215745     
   534.81608230002780        196.09497419910753        344.57260351788790        415.30793519385168        1425.0469315030741        326.51321013259781     
   1000.0000000000000        500.00000000000000        500.00000000000000        500.00000000000000        760.00000000000000        359.41238297149539     
   561.69249019451729        204.86725571588039        364.65839907260636        443.41175435354762        1738.3810240277087        656.37230469259509     
   1000.0000000000000        500.00000000000000        500.00000000000000        500.00000000000000        760.00000000000000        672.91118759661913     
   610.32259109695485        220.38169273605766        402.25182655695517        498.18038305388438        3314.1016800275861        241.29139198757019     
   1000.0000000000000        500.00000000000000        500.00000000000000        500.00000000000000        760.00000000000000        217.49281536089256     
   571.96768069304403        208.18413545932370        372.46202179285854        454.53724142446765        1906.6051839370446        148.15276542460333     
   1000.0000000000000        500.00000000000000        500.00000000000000        500.00000000000000        760.00000000000000        147.82012952258810     
   623.20592498534904        224.41297965703978        412.50817094445154        513.67242349199421        5218.6724956128555        212.74247650977267     
   1000.0000000000000        500.00000000000000        500.00000000000000        500.00000000000000        760.00000000000000        185.27328563854098     
   584.02804143833112        212.05092343852212        381.71410413145418        467.88724808398661        2165.2412571521450        357.40828840490036     
   1000.0000000000000        500.00000000000000        500.00000000000000        500.00000000000000        760.00000000000000        345.42279928922653     
   576.60529006965930        209.67442380588201        376.00771792350582        459.63255563684351        1996.5239673928843        710.22086194991368        1299.2147231658344     
   1000.0000000000000        500.00000000000000        500.00000000000000        500.00000000000000        760.00000000000000        700.00000000000000        57.213634192012250     
   608.47869832337562        219.80199692305220        400.79461109671610        495.99958935148385        3176.4941067700470        346.01001127484631     
   1000.0000000000000        500.00000000000000        500.00000000000000        500.00000000000000        760.00000000000000        313.41774365631863     
   534.20802452775968        195.89491069130551        344.12341288901791        414.68778839500914        1419.3818703557847        634.89933232602141        224.20616131813796     
   1000.0000000000000        500.00000000000000        500.00000000000000        500.00000000000000        760.00000000000000        700.00000000000000        79.594902994576842     
   526.72848960883198        193.42826721014123        338.61629638910648        407.11317421753944        1353.4112769122403        504.60716368073366     
   1000.0000000000000        500.00000000000000        500.00000000000000        500.00000000000000        760.00000000000000        567.51774534117430     
   621.32377705624924        223.82612766480173        411.00153295387793        511.38071413726442        4743.3930255576315        716.02163913528648     
   1000.0000000000000        500.00000000000000        500.00000000000000        500.00000000000000        760.00000000000000        626.72055305214599     
   512.96277045033321        188.86105266981050        328.56685669919159        393.42292051558513        1247.1818282828663        599.95320092351562        480.80368991278067     
   1000.0000000000000        500.00000000000000        500.00000000000000        500.00000000000000        760.00000000000000        700.00000000000000        215.07451769197360     
   605.61182491172519        218.89933684539832        398.53415926928187        492.62647543692071        2990.9568818648972        15.949623532404486     
   1000.0000000000000        500.00000000000000        500.00000000000000        500.00000000000000        760.00000000000000        14.557837739121169     
   607.24157480592385        219.41267959878289        399.81839641553313        494.54140222691126        2924.3701731848987     
   1000.0000000000000        500.00000000000000        500.00000000000000        500.00000000000000        718.65272016730160     
   611.70304255062626        220.81524236250968        403.34451884651236        499.81891329474746        3428.7315235014639        404.02471575854537     
   1000.0000000000000        500.00000000000000        500.00000000000000        500.00000000000000        760.00000000000000        362.83898895839229     
   614.00502344899337        221.53736005854472        405.16996212642312        502.56251441965634        3647.3754167309289        755.16250880154109     
   1000.0000000000000        500.00000000000000        500.00000000000000        500.00000000000000        760.00000000000000        674.03295031748712     
   595.22066711604168        215.61383465204909        390.39337481479384        480.57496419484971        2505.6569848966301        131.72139304726636     
   1000.0000000000000        500.00000000000000        500.00000000000000        500.00000000000000        760.00000000000000        123.58869021758437     
   590.28444948951392        214.04556286963179        386.55436701580390        474.94286793005233        2339.3887085861725        632.13963672019190     
   1000.0000000000000        500.00000000000000        500.00000000000000        500.00000000000000        760.00000000000000        600.91414315160364     
   606.68915423597502        219.23873631218180        399.38286223791391        493.89155035315031        2597.9108740423849     
   1000.0000000000000        500.00000000000000        500.00000000000000        500.00000000000000        645.84427399095148     
   517.45469478853011        190.35528397324703        331.83406461294351        397.85548215207541        1109.0617925271974     
   1000.0000000000000        500.00000000000000        500.00000000000000        500.00000000000000        658.53378843748942     
   412.67352243640102        154.55909445013052        258.31342926750392        301.85372502058283        774.40646468199429        300.80861980429779     
   1000.0000000000000        500.00000000000000        500.00000000000000        500.00000000000000        760.00000000000000        464.09979026997462     
   582.13517010550743        211.44592390491752        380.25522145074660        465.77040488664005        2118.8372033573182        258.89741918053693     
   1000.0000000000000        500.00000000000000        500.00000000000000        500.00000000000000        760.00000000000000        251.47050685249269     
   610.76195399033656        220.51972212721290        402.59944173907650        498.70133989593347        3349.4128540236966        598.25160873524158     
   1000.0000000000000        500.00000000000000        500.00000000000000        500.00000000000000        760.00000000000000        538.61538388067856     
   579.50556181441527        210.60427726829062        378.23273498755049        462.84314532872929        2058.3864797349233        518.16978414279504     
   1000.0000000000000        500.00000000000000        500.00000000000000        500.00000000000000        760.00000000000000        506.81474250508472     
   575.88605215885559        209.44357402914224        375.45684597163046        458.83924819195164        1981.8914600232681        708.87290767704394        2484.9460062412691     
   1000.0000000000000        500.00000000000000        500.00000000000000        500.00000000000000        760.00000000000000        700.00000000000000        153.55816413415596     
   444.95801743915530        165.79206628520171        280.40996524012525        329.94901385599792        890.39814422270751        388.73577914349187     
   1000.0000000000000        500.00000000000000        500.00000000000000        500.00000000000000        760.00000000000000        546.50394994299859     
   556.61466825473985        203.22053623850172        360.82802287579818        437.99433829953369        1667.4947188821272        673.69810228209667        447.18184306627006     
   1000.0000000000000        500.00000000000000        500.00000000000000        500.00000000000000        760.00000000000000        700.00000000000000        106.68866295367479     
   577.20633300457700        209.86725933960093        376.46833968471509        460.29637234140301        2008.9604621071876        711.34932709028737        2894.7758423841296     
   1000.0000000000000        500.00000000000000        500.00000000000000        500.00000000000000        760.00000000000000        700.00000000000000        55.989564871415496     
   226.92796406518761        86.950735741450472        138.12448678099531        157.14348671741021        345.70119930659195        232.76389689226409        85.630201623260760     
   1000.0000000000000        500.00000000000000        500.00000000000000        500.00000000000000        760.00000000000000        700.00000000000000        173.48766835406423     
   243.54475905807050        93.174849375785428        148.50493684368439        169.22889435015449        375.24890368676313        250.88017260680445        7.8046232037765275     
   1000.0000000000000        500.00000000000000        500.00000000000000        500.00000000000000        760.00000000000000        700.00000000000000        14.527615855913609     
   591.37540757780721        214.39258413038155        387.40129069183837        476.18260080111042        2373.6197742272002        577.12899092579835     
   1000.0000000000000        500.00000000000000        500.00000000000000        500.00000000000000        760.00000000000000        547.03885395778343     
   577.58115772951203        209.98748027843712        376.75572214249775        460.71074939485317        2016.8147639795982        462.68981034607884     
   1000.0000000000000        500.00000000000000        500.00000000000000        500.00000000000000        760.00000000000000        454.85716882161796     
   608.06294553299870        219.67119554529239        400.46640854756322        495.50910122882556        3147.6090473433328        599.32080485688425     
   1000.0000000000000        500.00000000000000        500.00000000000000        500.00000000000000        760.00000000000000        543.46894054673612     
   467.36478274704558        173.48392669095975        296.02085588420863        350.16626962524612        986.50208306286504        530.07575089531633        12.169263035733399     
   1000.0000000000000        500.00000000000000        500.00000000000000        500.00000000000000        760.00000000000000        700.00000000000000        7.6437335903756320     
   479.91369689187093        177.75325532030882        304.86975325405376        361.77295611395567        1047.8893231803390        348.32136643123926     
   1000.0000000000000        500.00000000000000        500.00000000000000        500.00000000000000        760.00000000000000        444.38801684649661     
   521.00390965210920        191.53326257518466        334.42379467198725        401.38137634967950        1307.0793474062896        612.98328412449405        28.198446536808177     
   1000.0000000000000        500.00000000000000        500.00000000000000        500.00000000000000        760.00000000000000        700.00000000000000        11.660548169165850     
   613.97188098774984        221.52697101845459        405.14365100971031        502.52291326148332        3643.9440071559156        41.067302672722178     
   1000.0000000000000        500.00000000000000        500.00000000000000        500.00000000000000        760.00000000000000        36.658549655694515     
   423.25384640190617        158.25950170151867        265.50591532332226        310.93526192559756        810.01429146400756        467.94186728287832        262.43672980200125     
   1000.0000000000000        500.00000000000000        500.00000000000000        500.00000000000000        760.00000000000000        700.00000000000000        210.85395744070411     
   616.62820224500467        222.35893733390844        407.25520201630343        505.70628809661906        3898.5277465160461     
   1000.0000000000000        500.00000000000000        500.00000000000000        500.00000000000000        749.73818568978459     
   626.22916048733350        225.35412376378110        414.93426476218445        517.37449547585186        4780.9169406552592     
   1000.0000000000000        500.00000000000000        500.00000000000000        500.00000000000000        568.17793030058965     
   149.72112874841389        57.698064512321857        90.529631797947189        102.38742693357374        219.12357824879882        151.19198123262737        35.011713604566232     
   1000.0000000000000        500.00000000000000        500.00000000000000        500.00000000000000        760.00000000000000        700.00000000000000        112.92317557148635     
   572.00246980787119        208.19533056270311        372.48856463444378        454.57528987985677        1907.2427564920570        701.63964700844599        416.12977063520202     
   1000.0000000000000        500.00000000000000        500.00000000000000        500.00000000000000        760.00000000000000        700.00000000000000        49.394174953922629     
   615.34909072118910        221.95849361853254        406.23771955975485        504.17100013556723        3794.7352129963988        592.18531433766714     
   1000.0000000000000        500.00000000000000        500.00000000000000        500.00000000000000        760.00000000000000        526.67277776403353     
   575.38239701364955        209.28185824261126        375.07130540709460        458.28440304335152        1971.8024783478995        707.93055201712991        1325.1382127364886     
   1000.0000000000000        500.00000000000000        500.00000000000000        500.00000000000000        760.00000000000000        700.00000000000000        94.994395002722740     
   595.61457634870067        215.73877402626522        390.70050075284627        481.02693643608575        2520.3033966495341        505.59128681622616     
   1000.0000000000000        500.00000000000000        500.00000000000000        500.00000000000000        760.00000000000000        473.88032503426075     
   375.95692263881585        141.57841803099791        233.69635499211321        271.19847923654038        664.83069505608910        78.075497288668117     
   1000.0000000000000        500.00000000000000        500.00000000000000        500.00000000000000        760.00000000000000        134.60021149134263     
   418.67977379437121        156.66200256802153        262.39077636315670        306.99466248893316        794.36222907215551        461.75928927517225        68.263869211404227     
   1000.0000000000000        500.00000000000000        500.00000000000000        500.00000000000000        760.00000000000000        700.00000000000000        56.133724560495466     
   559.70282722834600        204.22261024124052        363.15550252323214        441.28280235385358        1709.7756619577419        464.44309080313798     
   1000.0000000000000        500.00000000000000        500.00000000000000        500.00000000000000        760.00000000000000        478.65460365777835     
   264.54628917984797        100.99891973544597        161.70825794607293        184.69031913077882        414.14663197408458        237.65316153107122     
   1000.0000000000000        500.00000000000000        500.00000000000000        500.00000000000000        760.00000000000000        606.85889024520293     
   580.96415693197753        211.07129120137151        379.35396711076828        464.46491410517064        2091.3692891550681        178.46809407833859     
   1000.0000000000000        500.00000000000000        500.00000000000000        500.00000000000000        760.00000000000000        173.88572488911450     
   447.30952438750904        166.60337833317573        282.03727726893743        332.04167434489472        899.79061379870961        329.00601732199232     
   1000.0000000000000        500.00000000000000        500.00000000000000        500.00000000000000        760.00000000000000        459.47418515337631     
   527.13018534499452        193.56100904262959        338.91121119143099        407.51748661989910        1356.7903211732541        250.76359376100390     
   1000.0000000000000        500.00000000000000        500.00000000000000        500.00000000000000        760.00000000000000        281.72559723956510     
   576.35070044668930        209.59272120048956        375.81268383409537        459.35161707031267        1991.3137754689972        709.74342339798852        1735.1414896946872     
   1000.0000000000000        500.00000000000000        500.00000000000000        500.00000000000000        760.00000000000000        700.00000000000000        88.538398731034249     
   606.91041956177355        219.30841450844193        399.55728194364769        494.15174587045163        3071.1936928854520        349.26302041160858     
   1000.0000000000000        500.00000000000000        500.00000000000000        500.00000000000000        760.00000000000000        317.68702759640291     
   621.87421063085424        223.99782633033385        411.44185222538545        512.04989548065214        4869.1977595942653        320.22337366001341     
   1000.0000000000000        500.00000000000000        500.00000000000000        500.00000000000000        760.00000000000000        279.87287958152592     
   612.06186427236696        220.92787260582247        403.62878681704029        500.24564367513790        3460.3906070953399        103.16192385115079     
   1000.0000000000000        500.00000000000000        500.00000000000000        500.00000000000000        760.00000000000000        92.557191299274564     
   585.19908943249766        212.42485996564085        382.61794009231119        469.20096997555925        2195.2808035657640        725.20407686523379     
   1000.0000000000000        500.00000000000000        500.00000000000000        500.00000000000000        760.00000000000000        698.71808641823009     
   595.79740202978314        215.79675184571047        390.84308666970281        481.23683936682875        2218.3743101671844     
   1000.0000000000000        500.00000000000000        500.00000000000000        500.00000000000000        667.13297235546634     
   364.76214151718608        137.57911668942427        226.28960527441987        262.09546738486728        539.68684793082400     
   1000.0000000000000        500.00000000000000        500.00000000000000        500.00000000000000        645.99188799038529     
   585.99520694345802        212.67891992059648        383.23295914039829        470.09588819614396        2216.3234730071904        200.82521506872604     
   1000.0000000000000        500.00000000000000        500.00000000000000        500.00000000000000        760.00000000000000        193.08374749729410     
   534.44382717176541        195.97250293278802        344.29758072751645        414.92820034458555        1421.5730233337611        539.61444985636388     
   1000.0000000000000        500.00000000000000        500.00000000000000        500.00000000000000        760.00000000000000        594.57264196593314     
   622.39067675508045        224.15887380450187        411.85522195027261        512.67855327534016        4996.4836708751827        678.21675376675933     
   1000.0000000000000        500.00000000000000        500.00000000000000        500.00000000000000        760.00000000000000        591.93718604277819     
   542.64079632176401        198.66319343499421        350.37319923675790        423.34821873649992        1238.5896979353533     
   1000.0000000000000        500.00000000000000        500.00000000000000        500.00000000000000        626.47412385558710     
   596.00304669252159        215.86195809734133        391.00349877722851        481.47303826303943        2534.9728792897517        303.08166660857495     
   1000.0000000000000        500.00000000000000        500.00000000000000        500.00000000000000        760.00000000000000        283.77991799265146     
   558.45431259188581        203.81770308306878        362.21376926027887        439.95099183179286        1692.3829469079353        74.989086576247018     
   1000.0000000000000        500.00000000000000        500.00000000000000        500.00000000000000        760.00000000000000        77.538978201337159     
   372.76839658588756        140.44125391700166        231.58225651801595        268.59481363667282        656.17005015688346        210.74387168129149     
   1000.0000000000000        500.00000000000000        500.00000000000000        500.00000000000000        760.00000000000000        366.95351036963984     
   484.99693330461912        179.47464816117704        308.47684085362846        366.53614717627647        1074.6420281472640        317.33950042981456     
   1000.0000000000000        500.00000000000000        500.00000000000000        500.00000000000000        760.00000000000000        399.28419466363266     
   565.84844736311152        206.21129501596050        367.80611365808841        447.88492736977008        1580.3265030510975     
   1000.0000000000000        500.00000000000000        500.00000000000000        500.00000000000000        666.51932741515338     
   409.31983590918304        153.38234335625785        256.04317884861189        298.99940813589393        763.54332533599700        136.17414648170899     
   1000.0000000000000        500.00000000000000        500.00000000000000        500.00000000000000        760.00000000000000        212.18202056828886     
   375.72573113057774        141.49601728448081        233.54294554934572        271.00939708563919        664.19870221767405        158.18444305398165     
   1000.0000000000000        500.00000000000000        500.00000000000000        500.00000000000000        760.00000000000000        272.90251531871036     
   548.66756254461029        200.63332261763483        354.86695995965073        429.61872858516330        1568.9831198462286        359.92908897853374     
   1000.0000000000000        500.00000000000000        500.00000000000000        500.00000000000000        760.00000000000000        381.92076241597533     
   476.54822379443772        176.61102023886281        302.48884996479643        358.63919935835133        1030.8046361944637        543.64350758955061        168.09222205120150     
   1000.0000000000000        500.00000000000000        500.00000000000000        500.00000000000000        760.00000000000000        700.00000000000000        99.564715891610831     
   470.86288637122436        174.67684371889919        298.47968103032969        353.38041463626905        1002.9962850607312        535.21604932090838        302.64480100746886     
   1000.0000000000000        500.00000000000000        500.00000000000000        500.00000000000000        760.00000000000000        700.00000000000000        185.97016167826951     
   590.85228307041439        214.22621365385896        386.99507448337590        475.58778448136673        2357.0430999475416        373.24472702561303     
   1000.0000000000000        500.00000000000000        500.00000000000000        500.00000000000000        760.00000000000000        354.27488285116851     
   603.40802781715468        218.20433451978511        396.80081024908776        490.04788783169693        2867.0821543578363        582.20219352616573     
   1000.0000000000000        500.00000000000000        500.00000000000000        500.00000000000000        760.00000000000000        534.51946289045736     
   210.00570390016046        80.583750858702189        127.60836140715332        144.95795359111702        316.58041654943690        214.54288761405374        12.381522989805696     
   1000.0000000000000        500.00000000000000        500.00000000000000        500.00000000000000        760.00000000000000        700.00000000000000        27.459712265990674     
   435.68553005590843        162.58370423975254        274.01738406321266        321.76055743209497        854.73225366463441        61.455699121723875     
   1000.0000000000000        500.00000000000000        500.00000000000000        500.00000000000000        760.00000000000000        88.702761705499142     
   608.16277714726573        219.70260706252628        400.54520518633723        495.62683742605606        3154.4784348052881        313.64664915800256     
   1000.0000000000000        500.00000000000000        500.00000000000000        500.00000000000000        760.00000000000000        284.34177157236263     
   615.58622095510793        222.03275540165691        406.42624933678786        504.45528703573302        3822.5263639570353        744.25979756360903     
   1000.0000000000000        500.00000000000000        500.00000000000000        500.00000000000000        760.00000000000000        661.50467700557783     
   576.56541423453177        209.66162773934386        375.97716716211914        459.58854336983052        1995.7056614406458        710.14605991615497        1933.3539316186425     
   1000.0000000000000        500.00000000000000        500.00000000000000        500.00000000000000        760.00000000000000        700.00000000000000        87.392698691692203     
   427.40931013583707        159.70779862296214        268.34360631049651        314.53476790583841        768.46681611258816     
   1000.0000000000000        500.00000000000000        500.00000000000000        500.00000000000000        708.26859038788825     
   616.74491308728454        222.39545890206315        407.34810549791359        505.84659477272379        3967.1663031035687        144.50396708911134     
   1000.0000000000000        500.00000000000000        500.00000000000000        500.00000000000000        760.00000000000000        128.03966857958585     
   611.64847094579898        220.79811066408732        403.30129461289778        499.75404369400883        3423.9875579938443        294.04907802346577     
   1000.0000000000000        500.00000000000000        500.00000000000000        500.00000000000000        760.00000000000000        264.11252018064260     
   623.07578069008832        224.37242380371561        412.40389955461018        513.51363880523672        5064.1796627672584     
   1000.0000000000000        500.00000000000000        500.00000000000000        500.00000000000000        742.82490550540388     
   612.22199463400045        220.97812744729347        403.75567880154119        500.43618980907235        3474.7864287312768        685.35822827745812     
   1000.0000000000000        500.00000000000000        500.00000000000000        500.00000000000000        760.00000000000000        614.64311235817149     
   618.19200191477648        222.84805924618917        408.50090936897180        507.58933714016445        4171.7916823163596        604.67670947989461     
   1000.0000000000000        500.00000000000000        500.00000000000000        500.00000000000000        760.00000000000000        533.71445140568540     
   323.94551949675224        122.84258864244025        199.63643626141481        229.75114798289727        536.34382466621378        64.268985668930824     
   1000.0000000000000        500.00000000000000        500.00000000000000        500.00000000000000        760.00000000000000        131.38777328189462     
   500.73160830439554        184.77342949448737        319.72802051196521        381.51715850743028        1130.0946225185494     
   1000.0000000000000        500.00000000000000        500.00000000000000        500.00000000000000        736.75099328393117     
   558.99870460391980        203.99429257388931        362.62426863303244        440.53131572887628        1699.9155004425052        110.15353057369008     
   1000.0000000000000        500.00000000000000        500.00000000000000        500.00000000000000        760.00000000000000        113.73546177987009     
   577.29747322482922        209.89649410863731        376.53820891183750        460.39710120947484        2010.8632264696885        711.52060538672856        2354.9888705401263     
   1000.0000000000000        500.00000000000000        500.00000000000000        500.00000000000000        760.00000000000000        700.00000000000000        27.583219457883388     
   618.69527395316231        223.00536684150188        408.90222583894513        508.19677783521303        4250.3598000262809        427.46687085836834     
   1000.0000000000000        500.00000000000000        500.00000000000000        500.00000000000000        760.00000000000000        376.79398455424234     
   608.96284943154512        219.95427368212017        401.17697701638309        496.57133895692311        3211.0767884020684        468.84867324517052     
   1000.0000000000000        500.00000000000000        500.00000000000000        500.00000000000000        760.00000000000000        424.13880082080141     
   576.28327641852024        209.57108142980650        375.76103970937851        459.27723890031632        1989.9396068879673        88.568107588070092     
   1000.0000000000000        500.00000000000000        500.00000000000000        500.00000000000000        760.00000000000000        87.367794322781265     
   565.45189397038018        206.08319433916338        367.50526543376043        447.45655766937125        1795.6629788262298        689.60766538681912        373.84932462940327     
   1000.0000000000000        500.00000000000000        500.00000000000000        500.00000000000000        760.00000000000000        700.00000000000000        66.766856003087014     
   581.54592926815474        211.25744663845362        379.80159882670944        465.11310811402143        2104.9020046525475        212.61493360933758     
   1000.0000000000000        500.00000000000000        500.00000000000000        500.00000000000000        760.00000000000000        206.83756492566317     
   589.41528983952117        213.76892440125289        385.88024918303518        473.95719944524387        2313.0234255742439        221.42972595742913     
   1000.0000000000000        500.00000000000000        500.00000000000000        500.00000000000000        760.00000000000000        210.97658995771781     
   414.60004073922136        155.23424935778050        259.61963478087472        303.49860208811089        780.73592553594312        456.28258473017013        37.896403909594220     
   1000.0000000000000        500.00000000000000        500.00000000000000        500.00000000000000        760.00000000000000        700.00000000000000        31.805707011371851     
   607.31400892549755        219.43548274381882        399.87552166296433        494.62667022485937        3097.3645838210741        622.52529492768770     
   1000.0000000000000        500.00000000000000        500.00000000000000        500.00000000000000        760.00000000000000        565.63683385960758     
   568.67995482819356        207.12508109220508        369.95734319898662        450.95321565167700        1473.3081353653542     
   1000.0000000000000        500.00000000000000        500.00000000000000        500.00000000000000        605.70575183955953     
   614.04843898064257        221.55096902458581        405.20443013112089        502.61439509367113        3651.8843067140979        78.604051052207069     
   1000.0000000000000        500.00000000000000        500.00000000000000        500.00000000000000        760.00000000000000        70.151238408870995     
   461.71480708418386        171.55263017605574        292.06207005892372        345.00876726669657        960.78062300337865        31.358923572638371     
   1000.0000000000000        500.00000000000000        500.00000000000000        500.00000000000000        760.00000000000000        42.064775093458593     
   201.65369121058910        77.431321769686789        122.43722061498396        138.98578559563123        302.53173706117360        75.312701753897798     
   1000.0000000000000        500.00000000000000        500.00000000000000        500.00000000000000        760.00000000000000        256.37964468682185     
   339.78391426529777        128.58903624612103        209.91612445593094        242.15275896092507        572.86741094206798        361.35674249824314        200.53700165014604     
   1000.0000000000000        500.00000000000000        500.00000000000000        500.00000000000000        760.00000000000000        700.00000000000000        238.57846574159339     
   587.78232544830769        213.24877571833184        384.61521025448945        472.11015256212823        2177.3696333928629     
   1000.0000000000000        500.00000000000000        500.00000000000000        500.00000000000000        730.42990549001843     
   622.96100546377761        224.33665445505400        412.31195324436931        513.37364504364655        5148.9247734385999        77.825480169049783     
   1000.0000000000000        500.00000000000000        500.00000000000000        500.00000000000000        760.00000000000000        67.821189467795193     
